15 0 13 11 53 17 66 43 13 37 19 70 30 16 16 69 33 86 97 72 88 16 6 83 47 91 95 97 40 34 23 73 65 65 3 94 46 54 89 84 50 89 42 66 26 86 23 77 11 20 69 91 49 90 1 14 83 79 35 35 45 91 18 36 28 54 12 55 10 85 40 17 60 67 79 89 60 75 13 14 8 14 85 59 13 81 82 55 62 42 97 10 24 16 51 47 92 2 66 38 
34 80 48 33 72 75 98 51 88 64 18 74 39 44 75 20 27 21 12 85 91 68 39 60 69 31 3 86 24 24 47 17 9 51 7 93 63 5 98 22 71 75 23 44 92 88 81 35 51 78 37 14 75 90 19 31 69 34 73 91 7 33 19 1 70 52 64 39 23 14 21 58 35 40 85 62 98 59 13 49 27 67 48 4 13 22 18 6 20 22 14 21 74 75 49 32 54 2 43 67 
73 41 90 45 38 62 50 50 69 37 93 56 69 97 48 8 71 95 29 25 61 88 42 38 52 49 99 76 23 30 16 15 45 85 70 84 70 18 81 12 92 51 19 64 93 56 52 97 4 26 11 67 6 63 53 9 30 12 57 61 69 12 10 28 32 86 10 7 73 19 29 66 89 27 94 3 88 32 92 19 23 27 5 0 79 3 1 78 88 86 49 23 16 30 34 53 60 28 26 96 
41 92 26 65 61 21 82 53 35 13 9 29 9 55 24 49 58 82 55 34 27 32 19 14 52 37 0 14 34 95 11 76 17 27 79 88 34 67 50 49 15 27 96 40 27 32 97 72 7 79 98 6 62 4 84 5 29 97 14 91 79 20 52 73 76 4 11 19 84 15 71 87 23 42 91 80 11 81 3 39 76 2 38 21 94 60 24 67 78 20 43 61 86 8 95 73 22 28 85 95 
1 8 65 17 85 77 24 56 66 41 42 15 66 43 98 88 0 66 80 7 88 44 1 86 21 38 6 59 18 10 59 66 76 0 33 84 46 86 66 56 29 24 27 67 15 31 70 31 32 97 78 56 89 65 53 55 71 42 87 83 21 75 89 20 40 46 0 76 68 4 91 72 90 98 28 96 85 85 5 66 81 6 14 18 98 30 10 48 45 3 99 16 75 24 78 95 96 86 22 67 
59 19 65 85 36 36 86 46 48 76 74 61 59 60 34 0 38 31 69 5 6 71 49 62 90 51 27 13 63 36 66 89 41 28 14 37 92 64 89 20 10 33 35 87 33 21 44 15 2 54 18 15 62 85 65 58 27 16 98 63 6 60 47 66 82 65 22 72 59 7 26 85 52 72 15 27 74 40 71 42 2 7 6 34 10 68 52 44 69 93 17 0 93 92 19 28 35 25 17 18 
89 17 81 75 64 27 73 72 52 78 47 36 81 65 33 72 32 86 26 98 32 99 19 48 81 29 11 77 28 11 84 11 74 70 88 44 54 61 86 18 86 53 21 12 3 23 71 59 5 9 34 22 19 64 90 41 42 33 55 1 50 18 6 55 93 97 62 55 88 8 35 15 79 28 3 57 94 63 95 54 39 79 86 46 67 30 43 9 74 98 90 24 81 33 90 0 45 35 47 84 
23 57 29 31 18 39 68 45 62 83 6 99 14 62 71 35 90 59 9 59 2 47 39 97 71 69 75 56 52 70 44 15 12 35 26 51 67 73 3 38 47 25 77 56 2 36 49 8 2 31 65 16 30 21 65 82 70 48 77 10 22 57 1 66 31 19 92 65 25 82 87 55 55 41 79 2 66 24 58 62 16 3 69 71 86 59 38 12 68 42 26 78 60 16 64 9 46 65 14 87 
95 64 47 76 8 6 28 22 53 41 17 27 7 93 81 80 83 97 0 16 66 28 80 29 13 80 87 71 28 73 40 71 47 28 21 42 35 13 6 32 60 94 75 91 50 20 38 27 91 28 53 63 64 39 14 77 3 64 22 44 93 48 59 57 84 44 87 42 73 97 0 8 26 97 41 87 86 27 79 35 73 47 71 72 63 83 84 46 17 34 78 12 82 97 62 63 65 35 21 29 
60 60 81 84 98 4 27 48 67 65 95 12 22 79 27 14 15 0 92 74 36 39 67 94 63 33 65 6 18 94 17 93 70 65 52 12 75 70 71 42 85 96 93 20 85 29 88 78 5 23 33 76 83 91 28 77 61 32 6 37 92 95 95 18 11 28 60 1 98 59 40 29 43 95 70 91 87 24 75 78 4 30 28 19 62 64 48 13 0 28 32 90 4 86 20 48 72 9 9 19 
22 29 84 6 78 86 6 95 64 9 2 7 33 41 41 96 13 73 9 88 65 1 49 32 12 55 42 11 35 80 25 35 0 25 22 68 83 62 48 60 18 20 48 76 45 12 56 17 77 92 41 13 46 53 79 80 55 60 99 80 81 10 32 99 70 19 89 59 91 72 32 19 14 29 68 55 4 76 5 34 51 74 54 64 99 14 17 94 13 79 44 98 26 0 98 81 51 43 89 20 
38 87 85 25 26 64 14 14 57 93 67 47 4 58 92 7 63 69 96 42 44 37 26 95 93 3 90 69 24 55 68 57 31 2 74 76 76 83 11 83 73 12 5 67 59 33 14 94 60 15 43 39 20 41 82 22 13 2 59 97 47 53 51 73 10 37 10 70 4 18 95 43 74 82 30 40 73 6 32 31 71 73 94 66 0 33 66 65 22 90 78 1 90 69 94 26 30 53 39 68 
15 69 52 8 98 55 78 77 91 40 4 29 64 61 94 37 61 45 68 9 35 19 21 10 73 24 15 41 19 97 10 27 59 10 28 40 17 14 76 9 26 99 11 41 75 20 7 21 23 4 66 1 12 23 88 98 62 0 37 93 88 28 86 37 69 66 42 63 16 5 41 4 61 30 87 59 62 19 59 90 27 75 18 5 71 70 67 9 8 81 22 9 33 26 3 21 9 7 9 25 
67 24 86 77 48 77 6 88 52 43 3 5 43 36 12 86 42 25 86 99 77 69 10 8 47 67 32 47 19 95 65 82 17 56 70 18 76 79 26 94 5 75 40 78 70 65 36 31 34 48 15 54 76 40 4 70 28 40 24 11 64 30 2 9 64 28 35 40 7 62 46 73 38 53 13 63 6 95 82 51 52 45 1 36 6 41 43 91 18 33 31 32 32 47 10 56 7 5 67 9 
80 1 83 69 25 0 3 3 58 38 52 57 3 0 4 60 60 40 0 8 50 49 0 67 99 8 77 23 66 15 58 27 46 53 87 4 12 67 66 98 25 14 98 16 2 86 20 81 97 35 93 95 78 30 59 41 14 55 81 83 86 22 60 6 44 31 88 61 89 50 94 57 59 38 26 43 43 57 49 47 92 43 21 51 59 94 83 0 69 47 38 20 46 32 50 60 46 26 96 21 
72 52 0 35 1 50 91 78 22 15 73 22 25 84 34 0 56 67 64 97 89 14 83 77 68 2 8 30 45 77 51 72 57 24 60 22 7 41 53 66 51 88 71 13 17 81 62 89 19 27 96 11 49 92 8 70 73 16 47 15 17 53 18 98 14 3 16 65 24 75 13 0 34 84 55 57 17 61 64 45 82 38 96 52 11 43 83 53 84 43 37 79 58 12 17 70 3 2 63 93 
30 25 25 21 47 3 14 10 15 28 24 7 54 17 61 78 80 93 98 82 91 70 67 90 76 20 92 86 98 98 92 31 60 0 11 30 85 95 75 31 6 5 23 63 22 10 92 60 61 80 39 97 0 32 29 22 90 95 41 8 64 57 79 75 16 34 13 89 85 93 85 54 63 73 55 39 76 51 18 50 71 70 70 60 51 95 97 77 21 19 76 83 27 93 95 89 55 48 80 38 
43 99 36 39 98 17 84 4 4 95 23 6 30 78 90 70 73 26 25 85 26 44 1 47 56 18 10 21 97 38 77 0 10 62 1 37 41 61 43 45 50 64 33 78 95 26 68 86 49 84 83 62 52 85 46 67 30 14 68 43 47 79 58 61 39 79 88 77 47 93 8 53 9 47 10 16 83 18 4 46 10 15 59 97 49 56 28 84 8 60 53 96 80 95 43 85 57 70 21 43 
86 7 83 12 26 69 93 84 25 96 36 5 46 13 8 55 0 82 2 86 79 61 15 52 39 33 80 22 34 19 5 5 79 42 88 64 86 88 0 65 42 66 27 59 25 95 81 28 8 4 54 94 1 62 37 88 26 24 60 3 49 67 51 48 44 99 84 28 78 17 65 86 14 46 93 5 46 92 34 98 58 74 79 64 12 24 2 67 82 64 74 32 53 33 87 89 32 91 76 64 
94 15 4 54 89 91 90 24 44 83 55 30 26 83 48 27 12 89 3 19 17 33 27 46 23 83 48 69 74 50 13 60 95 99 61 75 79 80 18 93 79 77 0 45 98 19 17 82 91 4 95 76 41 76 24 31 12 92 65 52 84 5 31 7 70 78 85 33 99 0 83 45 62 31 6 96 82 79 89 5 69 22 45 13 78 86 39 87 47 20 38 12 71 17 38 80 38 6 88 53 
14 51 83 7 68 12 80 23 0 59 0 72 84 6 0 2 57 98 16 16 36 27 36 98 85 97 47 69 33 5 43 91 49 67 26 10 44 32 42 91 11 72 80 61 51 50 66 49 36 87 4 94 89 73 42 87 75 15 46 57 55 4 14 6 11 36 98 17 55 33 28 87 9 1 37 93 45 36 34 86 48 92 88 60 44 53 67 4 9 84 96 92 89 58 61 73 8 75 45 4 
40 54 17 75 34 18 90 25 92 45 10 62 65 16 65 28 44 34 78 20 11 38 0 23 72 76 14 88 85 46 27 47 20 74 88 18 0 23 0 4 16 65 1 20 1 1 23 75 54 26 15 60 42 20 41 79 25 72 86 34 39 90 1 17 74 59 15 70 57 66 57 37 7 99 16 75 39 87 55 50 31 80 57 39 39 64 67 3 59 40 29 31 22 12 31 5 55 35 17 2 
86 26 33 47 71 86 59 22 80 94 32 43 44 38 6 23 40 67 6 96 67 5 82 61 35 92 83 18 40 98 57 72 71 40 4 53 36 80 43 13 27 1 24 79 32 8 17 7 72 73 63 96 4 4 24 21 16 22 92 96 16 79 37 29 67 69 20 91 9 4 71 59 80 32 52 76 9 11 99 95 2 92 79 75 26 91 8 78 32 30 14 42 41 86 31 46 67 43 87 70 
11 54 66 58 0 75 76 92 50 18 0 31 80 14 72 46 55 44 99 96 75 83 43 73 0 60 66 87 80 97 60 2 2 21 34 79 56 11 41 25 32 87 39 18 47 72 46 45 73 54 94 72 37 44 18 71 72 57 44 10 41 98 76 63 86 45 53 9 37 45 70 24 50 6 72 59 64 43 44 84 0 21 86 39 70 29 79 80 26 47 74 22 77 89 20 70 67 83 78 46 
89 74 39 94 11 93 75 39 9 37 58 20 27 65 56 70 73 70 93 2 11 74 67 85 97 65 23 72 36 51 28 44 51 98 83 94 5 52 66 14 7 85 76 58 40 80 34 43 6 8 14 24 17 65 4 83 36 14 79 90 79 72 92 56 88 42 67 96 70 26 68 37 46 0 10 52 87 1 10 62 11 39 93 12 16 55 1 11 10 7 13 28 52 80 2 49 38 93 27 55 
14 22 69 3 13 27 64 63 8 62 81 75 94 0 74 42 21 93 33 83 75 93 24 94 99 91 31 33 29 50 66 40 7 39 16 24 81 32 50 64 95 56 5 73 18 97 84 1 65 67 3 43 92 44 74 89 8 94 84 84 73 47 30 57 18 90 55 6 20 33 5 64 2 69 78 38 30 13 17 75 33 33 80 17 34 58 46 9 34 0 60 2 38 98 2 74 37 96 5 33 
56 21 92 77 14 34 78 69 85 39 4 36 37 44 36 40 68 49 90 74 46 85 51 70 23 8 52 2 3 18 40 5 14 34 82 83 20 12 82 20 22 97 87 37 94 73 60 70 52 37 22 25 20 0 65 85 58 45 15 60 5 27 39 32 53 23 5 50 29 73 45 51 93 33 56 21 3 59 68 38 31 50 0 45 47 65 78 85 34 22 26 17 0 26 19 79 79 7 50 81 
66 27 39 97 31 79 27 24 44 65 53 20 31 24 77 75 27 6 35 5 91 68 94 57 12 51 88 35 97 72 45 33 60 1 59 80 30 11 37 52 8 69 95 21 52 25 82 81 11 37 99 64 22 95 11 43 87 10 67 18 49 5 59 41 6 4 94 35 33 33 59 38 86 44 13 1 51 73 57 73 26 71 58 17 79 83 44 58 71 50 69 67 31 93 66 67 59 88 95 9 
78 76 69 52 79 26 0 61 22 76 32 54 5 88 74 1 12 95 29 45 24 21 89 20 96 82 34 29 14 77 44 71 56 63 75 83 19 80 36 63 93 31 72 16 70 68 59 56 19 83 99 79 20 18 97 37 73 46 46 99 70 45 14 46 78 63 11 87 14 13 90 14 3 68 21 81 44 11 56 78 7 51 58 3 47 29 64 26 84 8 79 45 89 25 70 5 45 41 7 35 
82 78 0 21 2 36 90 42 38 34 89 58 64 67 12 87 12 65 52 2 53 87 12 77 33 11 82 55 59 17 10 72 71 35 26 34 47 70 90 40 48 62 75 28 72 63 12 67 31 3 6 21 84 1 9 7 90 10 49 44 11 26 95 6 43 85 1 86 0 18 42 38 52 76 87 68 71 80 20 22 17 68 25 43 89 74 33 92 66 84 96 90 30 23 67 86 68 50 16 11 
48 22 43 28 74 32 81 82 58 29 29 56 80 67 57 41 13 98 11 0 90 21 89 80 99 83 19 73 47 73 2 35 24 39 32 1 19 66 39 58 26 5 63 10 73 4 32 81 24 85 20 76 80 64 42 65 38 35 94 63 88 51 99 93 71 26 70 99 8 86 10 92 55 75 7 43 18 52 22 6 63 1 61 54 86 90 16 34 11 83 21 52 13 51 72 90 91 16 25 5 
15 60 58 58 61 3 4 46 87 54 73 6 97 67 78 6 16 12 91 72 31 79 88 73 65 69 20 97 7 90 17 83 71 54 31 2 69 56 2 7 90 21 37 48 5 44 32 53 40 77 61 8 11 46 14 10 8 6 60 52 79 29 51 5 70 35 73 69 49 22 80 61 0 79 56 68 23 46 28 16 98 55 5 27 27 78 86 60 31 44 43 41 87 6 25 11 69 32 48 65 
98 68 63 25 68 25 2 12 19 74 15 61 33 89 44 50 17 43 37 37 98 58 52 13 5 62 44 62 93 81 30 36 80 76 76 91 68 20 75 81 74 97 22 22 88 17 59 64 90 7 27 13 34 33 78 54 31 79 40 43 48 47 65 60 71 54 59 40 36 4 8 24 75 43 11 79 57 62 61 35 41 26 7 26 72 8 73 49 35 60 45 61 12 84 40 38 43 15 73 96 
48 13 24 29 98 16 5 13 99 12 56 57 31 23 83 61 75 58 62 2 7 16 84 55 13 33 74 1 48 75 38 70 22 37 6 16 67 74 22 18 88 58 37 0 51 12 58 6 9 22 15 55 94 36 26 93 52 57 86 94 32 51 9 36 76 73 57 5 74 25 76 85 33 41 71 24 90 31 76 63 60 52 32 53 8 69 55 61 41 9 26 68 77 35 96 20 24 28 51 96 
68 60 35 20 27 49 84 58 66 96 4 23 87 73 80 13 29 39 14 6 60 72 59 45 95 66 99 64 59 81 62 81 92 59 82 94 88 52 1 81 76 0 49 90 37 67 77 56 79 15 50 41 89 38 31 40 10 31 30 83 49 66 8 98 53 42 37 30 4 58 0 2 45 28 7 42 7 29 43 62 65 19 30 96 21 62 15 75 50 77 24 63 66 35 73 2 40 63 88 97 
65 46 50 19 86 32 72 20 66 14 13 63 78 18 39 12 71 69 97 91 53 48 69 37 57 47 57 85 82 5 45 81 49 23 85 3 9 73 25 29 94 59 31 86 49 7 14 84 30 64 10 71 27 13 56 95 83 69 36 52 92 80 59 2 44 5 47 45 27 42 12 18 96 21 14 0 12 32 33 82 8 86 22 5 21 48 4 55 0 52 57 94 80 11 18 84 45 17 0 14 
11 38 20 94 62 29 44 22 54 70 3 99 38 24 9 21 11 24 59 50 27 62 7 22 74 53 99 45 3 90 31 97 5 5 47 39 49 89 41 82 30 92 56 38 28 45 26 45 5 79 91 68 87 10 53 74 14 69 28 18 75 2 99 78 46 47 17 72 93 22 9 7 7 9 20 94 37 25 63 71 14 87 55 45 79 71 34 85 32 5 86 58 28 58 84 95 13 50 12 87 
35 80 57 2 57 20 37 24 44 31 54 8 45 35 86 74 5 60 14 62 33 97 57 99 56 52 50 7 12 97 8 66 70 33 22 72 92 39 75 16 42 19 12 28 97 90 63 18 52 0 93 69 38 71 2 70 22 98 75 55 63 43 7 61 91 7 41 44 71 48 31 34 84 75 5 19 12 58 38 32 73 47 19 6 50 69 35 61 79 58 12 15 8 73 97 32 20 45 59 26 
34 18 91 15 21 63 48 25 53 85 59 6 33 1 67 65 33 50 53 31 64 20 54 17 59 15 87 63 60 31 65 12 99 96 6 26 38 10 99 64 73 17 95 25 66 51 71 89 77 69 97 10 50 41 8 58 53 77 72 96 35 58 38 30 68 92 89 7 93 35 17 57 79 20 55 67 87 25 91 30 89 35 96 94 65 78 70 71 58 5 19 32 65 83 89 65 59 18 23 66 
96 34 50 58 40 72 90 91 50 83 59 48 26 12 54 94 22 6 70 28 52 79 90 62 85 61 69 52 86 33 12 48 6 77 52 84 65 46 99 80 31 20 80 4 91 3 72 90 12 49 9 38 97 12 72 35 38 30 42 26 73 77 60 77 43 92 29 56 40 8 1 28 28 69 12 31 9 89 80 30 78 89 13 48 88 13 90 14 28 78 4 72 98 16 85 36 49 9 14 68 
74 79 95 82 28 83 44 65 2 4 1 54 22 65 63 32 13 85 29 26 6 96 44 35 84 94 18 7 36 32 79 85 24 19 44 34 86 87 45 50 28 9 75 67 76 83 55 59 95 42 55 39 79 11 76 81 36 12 23 39 79 49 48 35 7 47 83 79 61 55 30 31 67 66 0 36 56 45 28 30 43 44 43 99 45 65 9 6 77 39 8 88 73 61 42 58 98 74 90 60 
6 70 75 62 55 14 77 4 73 30 17 21 9 27 87 51 40 24 13 35 31 84 71 56 1 66 46 7 89 85 1 61 43 30 49 48 85 96 48 57 25 77 78 15 30 74 79 34 68 85 79 8 87 29 63 92 41 37 2 13 83 7 1 79 83 84 1 86 22 61 74 88 12 29 93 69 95 69 64 49 43 70 78 89 13 33 23 85 83 7 29 81 91 72 49 82 10 25 37 12 
28 2 84 93 82 35 84 67 23 81 86 7 83 52 6 28 47 49 56 27 10 8 82 87 42 84 39 70 60 64 5 70 48 48 96 1 15 59 45 46 91 92 26 70 39 11 51 61 61 17 15 81 97 48 46 93 21 91 90 86 60 39 99 2 25 71 19 38 93 46 16 80 34 91 32 52 83 60 60 76 0 71 50 73 78 36 75 7 47 15 78 39 68 46 51 56 71 13 83 40 
16 90 91 27 45 29 40 81 75 51 45 62 61 60 89 29 24 30 97 49 1 46 88 55 97 61 87 98 88 37 73 18 76 96 63 17 59 36 87 64 74 88 11 50 1 70 11 83 80 79 69 40 15 89 13 78 57 77 2 60 55 15 91 0 74 22 62 6 72 82 73 5 70 85 67 71 35 81 24 92 78 27 49 37 81 29 22 22 43 34 72 53 69 45 78 37 58 58 79 66 
77 47 25 16 97 74 81 71 33 39 58 88 79 0 98 8 83 65 97 16 6 25 0 47 28 36 91 39 71 26 58 8 26 97 98 60 87 72 4 11 25 69 48 29 12 16 21 2 99 69 40 40 97 94 68 27 69 40 76 56 48 82 34 66 27 72 25 42 6 35 34 59 99 30 58 34 45 3 77 4 57 94 62 48 4 7 40 31 51 83 53 73 8 82 67 72 31 3 66 95 
31 1 19 63 13 43 45 84 33 80 63 85 77 43 56 33 76 62 40 67 24 32 93 65 28 27 37 95 81 57 91 99 14 0 8 97 83 54 63 94 37 26 25 67 76 10 86 29 16 44 54 73 81 81 14 76 66 81 90 55 82 93 12 47 38 70 54 49 86 73 82 83 34 32 26 59 92 95 79 27 35 14 7 85 72 91 4 72 14 72 3 51 57 97 21 45 57 8 23 60 
28 41 21 81 43 74 66 84 88 94 26 91 95 76 81 35 55 60 25 8 97 44 52 62 64 86 12 34 6 96 76 1 85 18 28 43 48 56 54 93 49 37 75 90 53 9 52 62 42 75 25 48 1 65 98 64 31 64 96 57 56 88 22 42 92 83 23 96 59 18 38 41 87 68 67 15 95 29 50 95 52 75 15 42 79 88 9 1 5 15 77 86 25 11 24 42 75 64 39 59 
8 90 77 35 1 1 31 44 22 97 0 96 68 38 65 96 21 6 65 0 17 46 43 52 31 8 52 52 48 68 32 64 63 54 68 7 54 0 74 82 75 95 15 69 69 95 40 3 39 38 36 14 50 3 89 51 58 79 88 87 94 70 38 15 14 16 23 47 6 39 68 56 82 55 28 71 72 53 85 53 97 77 29 58 4 0 47 20 95 37 10 1 94 89 14 45 46 60 26 74 
45 29 10 61 59 43 89 17 82 69 92 27 87 73 85 84 34 93 33 99 37 17 45 97 42 79 20 52 15 30 53 11 37 12 8 66 79 1 5 35 90 27 31 95 51 45 6 39 75 37 94 99 16 98 45 45 0 60 3 36 80 0 59 31 91 28 58 73 9 28 7 64 76 40 63 37 60 51 89 36 28 71 8 5 95 22 54 22 50 2 14 63 68 76 69 91 40 36 91 94 
24 35 17 26 3 56 99 87 25 3 96 74 28 89 58 4 14 83 32 80 9 44 90 86 25 91 61 55 34 33 95 47 73 92 8 1 58 11 82 97 60 39 31 68 65 71 35 8 95 31 1 44 85 51 47 15 42 14 74 67 58 47 39 79 91 47 91 16 86 21 70 52 90 85 85 8 34 50 68 6 0 89 95 7 24 60 40 42 34 1 97 1 32 16 41 48 19 29 90 61 
97 57 35 98 98 97 71 14 52 58 38 66 24 29 19 25 57 38 87 80 33 31 84 37 7 23 95 52 78 6 23 90 0 8 26 11 12 69 72 71 48 85 49 23 66 40 52 6 81 99 13 61 44 37 8 20 16 65 36 72 45 12 30 33 82 43 87 35 29 41 83 76 2 10 23 32 22 13 33 8 7 90 86 46 83 22 95 88 68 41 39 42 83 86 63 79 12 23 22 80 
25 20 38 37 54 91 26 22 24 76 39 78 45 61 51 60 68 8 55 15 70 14 19 34 2 28 94 21 41 20 68 20 88 32 60 75 1 62 79 11 96 8 62 88 71 40 49 34 37 56 65 43 16 88 38 41 69 50 17 20 78 27 67 95 15 12 73 77 64 1 60 15 10 65 2 66 64 4 69 90 89 1 72 29 28 58 96 61 83 6 10 96 86 25 60 95 23 85 53 47 
61 14 37 53 45 34 9 19 29 5 95 79 46 27 89 86 32 33 71 42 85 4 23 35 54 36 67 56 54 80 65 77 48 67 56 49 29 17 63 74 36 56 19 22 55 61 59 53 39 62 64 24 15 27 84 30 45 87 78 91 64 89 87 80 55 36 35 51 38 26 21 88 19 11 97 53 74 26 24 21 64 22 88 49 9 15 88 36 4 45 22 71 97 84 81 83 76 73 70 68 
53 63 55 26 73 2 11 24 90 65 55 30 53 34 74 91 22 91 3 85 1 49 32 12 39 22 3 65 72 70 48 74 30 34 73 53 8 21 24 33 56 12 76 48 81 52 98 8 31 48 52 96 96 32 57 67 91 44 82 81 29 26 82 17 38 90 84 36 29 67 37 82 55 89 51 24 46 53 5 81 52 39 27 83 85 0 36 41 71 68 3 59 13 21 40 16 96 49 12 87 
75 16 40 3 65 66 64 12 6 43 60 62 90 25 24 45 75 1 22 41 39 50 66 31 32 24 24 55 93 14 9 95 47 66 16 91 46 74 8 58 58 3 36 90 75 33 35 75 71 9 58 85 83 29 91 2 22 75 62 74 94 14 96 46 24 89 91 61 83 67 61 72 67 43 85 50 80 80 70 40 46 19 65 3 37 73 77 48 69 58 54 85 82 74 5 1 79 2 88 73 
99 5 51 31 83 47 48 11 43 31 96 70 7 24 46 6 87 8 66 74 99 83 91 6 84 10 29 61 69 15 71 47 17 75 33 55 90 18 38 26 21 23 1 63 30 20 13 34 70 82 18 10 3 44 57 24 32 29 86 27 45 84 40 99 65 64 17 72 82 6 18 80 16 24 63 60 4 22 82 33 66 67 77 81 39 60 39 84 85 42 33 7 69 43 8 34 91 89 88 15 
19 57 11 41 1 24 57 41 43 81 76 82 95 69 40 43 14 77 28 98 54 88 55 16 16 28 82 65 85 82 75 4 9 69 54 66 80 74 94 69 66 27 53 64 28 34 88 8 76 67 84 51 48 70 84 71 51 16 79 21 93 56 52 30 61 94 8 60 22 8 22 3 54 65 10 76 1 88 69 12 83 9 33 65 85 96 13 71 50 5 32 33 63 51 15 99 12 96 69 48 
47 59 60 66 7 59 15 31 63 92 51 59 83 16 51 51 47 55 23 71 57 27 37 71 67 87 47 0 24 8 9 8 33 11 51 40 19 23 49 92 82 33 78 45 84 53 77 53 15 57 40 36 90 45 39 90 72 56 45 95 62 49 26 87 54 21 6 41 55 85 45 59 0 20 27 15 54 58 88 69 45 46 10 62 32 64 48 25 5 47 2 88 38 78 35 83 47 7 55 21 
58 52 66 56 98 89 27 3 66 73 69 61 15 54 68 86 7 87 94 50 8 52 98 8 9 88 82 51 47 31 28 96 12 74 98 93 97 46 54 9 93 6 81 19 5 67 39 50 54 33 17 46 16 28 71 31 20 99 96 89 43 24 5 82 73 81 83 70 7 17 45 23 6 69 3 63 41 49 45 40 68 39 43 16 84 38 82 63 76 92 74 92 62 77 98 68 73 84 16 46 
75 11 99 76 89 72 12 6 22 72 72 5 64 75 75 95 60 0 28 72 26 25 83 24 51 92 86 73 37 42 97 32 98 70 65 80 67 58 99 33 6 79 51 59 44 59 2 64 74 58 16 70 93 96 36 15 79 53 91 2 12 41 76 80 41 78 57 27 43 28 55 67 33 3 16 61 10 97 30 68 38 68 15 60 31 10 68 85 32 47 38 92 16 71 8 84 28 12 9 78 
80 97 43 64 91 14 57 85 17 79 4 98 0 35 9 69 93 20 0 50 41 2 70 41 91 9 74 64 14 24 74 23 23 22 71 99 0 40 76 58 98 95 31 64 74 90 39 68 34 61 14 99 12 86 51 49 72 38 30 14 47 75 16 65 94 56 34 65 21 13 90 21 47 43 49 90 10 11 85 72 21 24 51 69 12 51 12 99 27 66 4 87 20 2 69 64 32 54 53 12 
98 52 73 2 85 96 8 34 66 26 83 27 40 51 98 50 61 54 8 64 97 18 25 86 26 2 34 85 63 35 49 92 87 71 86 96 97 64 67 6 17 89 46 76 83 1 13 86 21 13 3 19 67 85 3 62 91 2 24 81 4 70 95 66 33 97 76 65 34 78 42 63 76 17 71 74 32 55 23 7 4 16 18 34 69 57 92 68 77 48 19 49 80 81 76 86 93 78 50 49 
52 33 39 22 80 14 98 68 94 33 38 77 39 66 8 42 20 75 61 78 20 39 76 69 65 10 41 91 11 38 30 68 30 78 35 91 23 11 35 27 90 55 12 6 1 7 35 89 12 2 69 44 99 99 12 63 59 20 62 3 38 53 31 16 14 89 84 10 48 26 83 78 10 61 26 73 79 58 2 20 29 43 27 79 16 67 13 89 4 77 38 92 30 57 13 66 60 13 48 96 
50 14 24 12 40 29 52 7 89 39 9 6 57 81 81 5 6 84 98 43 19 19 65 39 8 28 37 40 1 70 19 94 27 35 81 23 40 41 28 76 40 26 57 4 95 51 68 90 87 17 23 3 69 93 29 17 17 40 5 77 18 4 66 35 2 6 23 22 19 50 6 30 0 1 1 66 64 75 77 78 16 84 11 13 72 61 52 66 26 99 92 24 72 27 78 45 82 79 67 48 
63 89 31 50 47 21 93 79 22 33 82 50 0 69 23 32 95 65 10 73 62 33 37 19 18 21 26 22 54 35 1 79 95 56 88 8 11 47 40 38 24 40 46 63 31 34 7 73 63 39 73 39 86 60 68 65 77 81 94 30 31 48 94 24 8 79 65 29 72 50 5 36 18 64 76 30 91 13 9 8 64 61 56 21 96 77 44 84 8 58 22 48 5 91 96 98 7 10 85 88 
18 17 52 10 53 31 2 74 62 16 38 58 27 57 97 62 3 49 97 39 71 47 28 89 59 39 80 50 8 26 56 53 71 32 23 82 76 8 76 22 19 76 41 25 99 50 3 13 0 59 72 71 42 10 87 86 79 28 41 77 1 40 35 22 24 32 29 49 60 20 12 88 46 67 0 94 81 49 43 43 32 31 53 71 62 58 46 5 43 69 83 36 69 87 53 46 55 99 81 19 
35 8 80 34 1 19 40 1 32 89 42 7 44 52 81 49 84 86 36 26 47 80 57 42 80 33 16 30 83 36 2 80 24 22 42 22 76 3 53 82 74 92 92 91 99 62 2 38 54 85 42 18 98 54 98 54 70 72 31 83 24 58 85 54 58 90 19 30 20 8 41 97 66 26 14 36 2 49 24 91 94 26 9 26 30 38 17 71 8 25 9 60 9 8 96 71 77 27 50 22 
39 49 35 30 55 87 94 56 93 71 90 52 52 35 84 89 1 22 76 30 47 88 4 94 6 59 29 85 2 36 71 2 10 30 91 42 20 53 96 66 30 58 74 11 35 72 32 8 32 99 36 81 2 57 91 59 35 67 0 89 73 30 92 23 75 79 94 35 97 21 5 24 24 80 87 47 86 8 71 87 19 50 74 2 56 25 75 6 38 21 36 10 66 51 70 23 82 88 66 53 
64 53 71 98 77 7 10 99 54 26 88 93 12 73 51 32 37 68 9 98 55 98 13 31 14 3 30 25 94 75 36 56 30 67 61 65 7 4 32 39 36 80 79 59 49 24 97 5 20 3 81 49 55 41 21 52 98 79 33 76 35 60 37 51 98 20 38 44 93 17 58 42 97 69 69 31 64 6 28 95 32 86 75 59 71 49 71 22 27 19 3 18 53 27 98 74 4 34 50 9 
79 89 23 83 65 56 28 18 82 81 23 54 2 36 23 67 36 67 74 11 64 71 73 84 99 47 55 26 29 79 5 19 66 74 99 61 91 81 46 59 51 93 52 3 88 43 3 13 4 66 13 26 42 87 60 56 90 28 56 16 23 66 29 19 98 33 43 49 15 85 29 32 65 55 43 16 67 24 20 4 47 18 28 82 40 85 41 6 48 50 29 55 12 60 53 5 49 63 8 28 
12 1 16 60 18 7 24 16 86 62 77 41 73 6 97 65 39 65 40 95 92 16 59 64 94 61 65 87 10 70 87 17 51 34 57 98 30 58 57 12 87 9 37 7 95 59 45 57 81 21 47 51 57 21 97 14 4 66 94 63 86 36 3 19 19 13 18 94 34 48 6 95 82 9 70 25 4 72 72 29 62 23 62 45 13 22 72 30 48 19 88 11 57 26 7 54 11 88 7 39 
20 67 40 28 88 2 96 60 36 57 62 40 68 43 56 27 13 0 25 38 75 35 23 50 43 33 83 21 11 18 66 57 52 53 9 7 48 24 92 35 21 65 42 22 99 64 58 75 79 74 15 30 94 98 32 32 16 55 48 48 66 11 60 45 0 23 86 69 16 68 13 92 41 51 59 21 35 85 96 53 9 4 90 53 16 97 9 70 73 98 65 1 85 74 70 59 42 10 71 98 
8 79 83 21 65 85 53 90 12 50 34 30 66 69 15 3 17 7 28 14 70 14 35 74 70 43 20 7 37 89 52 28 75 58 98 73 83 12 79 12 53 79 67 78 88 59 22 15 9 88 30 26 28 33 96 76 71 86 3 58 91 94 80 60 9 37 75 51 85 57 72 13 12 48 72 32 15 3 67 69 43 9 80 68 49 95 29 62 84 67 78 93 56 50 4 95 77 84 5 85 
80 58 63 78 60 4 2 40 12 52 13 32 29 11 96 51 68 26 63 51 16 84 78 79 93 97 15 92 48 42 44 38 33 90 54 41 39 47 22 83 86 62 14 65 50 78 84 7 56 31 80 88 63 87 98 50 69 77 86 91 27 6 5 27 17 8 57 49 51 20 78 48 81 77 24 46 63 31 40 47 87 44 74 45 21 10 13 95 25 15 52 79 6 95 58 16 84 65 19 32 
92 54 38 5 93 80 42 98 74 64 22 60 31 56 16 63 22 58 22 15 3 4 13 69 25 1 65 4 94 6 97 45 81 68 54 6 19 20 63 74 37 43 67 34 35 96 36 48 84 96 95 57 68 92 31 36 73 64 66 63 57 45 23 6 94 79 65 67 43 24 33 78 58 11 65 51 92 98 47 6 96 33 72 56 75 8 18 88 95 59 82 62 12 16 22 25 94 84 92 77 
71 29 80 47 59 23 38 45 93 46 73 86 73 10 85 56 89 70 42 27 94 64 33 32 88 4 64 68 0 82 17 63 82 57 81 44 75 60 27 3 27 98 31 99 37 39 30 4 16 2 17 77 0 86 96 32 99 66 97 47 35 89 87 92 3 88 97 59 17 92 53 47 2 33 98 15 52 63 4 71 73 66 39 63 34 45 19 30 13 88 87 21 90 76 35 81 4 33 27 29 
92 89 63 73 53 22 56 55 59 82 28 1 85 4 5 79 28 48 48 66 60 4 25 36 15 77 91 53 60 80 22 62 2 68 13 90 82 24 28 94 82 56 71 29 12 9 15 85 67 58 33 76 27 8 11 30 60 60 3 95 84 97 6 22 80 67 77 27 43 20 92 96 12 40 60 5 91 78 86 78 31 67 28 62 27 91 83 79 57 89 39 69 20 57 78 93 51 74 53 18 
30 22 25 54 7 31 3 69 32 22 31 7 99 18 31 95 80 53 26 90 45 79 9 78 50 50 31 79 56 0 38 99 31 84 5 78 17 82 72 0 42 94 2 29 24 34 84 45 3 20 94 97 3 97 95 66 28 84 25 73 83 3 68 65 10 9 7 46 97 27 32 85 35 32 52 0 57 35 14 87 94 17 34 60 10 79 55 3 67 86 27 93 93 0 18 53 56 86 59 32 
10 73 15 29 30 56 53 15 85 61 58 51 66 20 80 98 7 90 34 58 6 77 26 10 61 12 78 63 82 60 63 54 41 74 93 68 59 49 68 83 58 81 29 31 59 1 37 15 49 80 92 14 68 75 43 97 70 25 33 17 42 77 71 91 46 64 91 15 23 95 22 45 80 16 8 47 27 28 70 30 77 80 71 59 74 66 1 81 82 74 97 29 47 61 9 87 26 7 28 55 
7 70 41 74 25 34 28 43 40 30 75 83 82 45 92 60 22 15 55 31 17 21 73 32 3 91 87 76 17 65 37 81 90 5 73 53 8 29 68 75 71 40 6 56 6 88 22 46 45 79 34 43 71 45 54 24 1 34 39 46 20 56 29 20 91 81 7 54 33 36 22 8 52 84 27 21 89 54 89 6 51 35 63 71 13 65 83 33 52 29 97 21 21 66 23 7 34 71 36 99 
30 2 50 12 18 10 25 93 24 51 34 21 27 13 5 68 39 0 1 11 4 83 78 0 83 67 7 64 44 79 11 32 8 27 54 65 50 10 50 66 14 54 45 72 72 51 13 39 80 52 53 54 40 50 44 41 99 32 14 52 51 2 99 41 10 41 29 51 87 8 82 17 88 36 35 19 7 47 58 8 18 14 60 70 8 73 18 12 76 73 95 61 40 7 71 18 83 98 69 21 
62 43 18 27 67 38 30 88 81 91 32 32 88 58 4 82 38 64 12 79 49 63 90 62 51 27 50 72 23 49 30 41 83 26 58 62 96 50 43 11 33 37 38 9 24 37 35 2 40 14 80 66 25 82 32 13 2 64 1 31 24 10 21 27 6 35 12 47 27 7 13 36 34 96 5 9 3 90 76 96 33 97 38 62 75 54 5 58 53 49 89 11 68 74 53 96 79 50 50 55 
85 3 57 82 26 93 64 31 99 37 52 79 86 64 81 5 65 60 28 35 48 87 21 26 57 36 26 27 20 70 91 90 51 3 29 56 14 3 91 49 85 94 72 49 71 48 90 0 72 66 89 39 86 89 53 66 21 38 96 21 52 47 48 43 44 15 55 19 99 74 68 33 0 6 47 12 10 51 67 29 52 67 14 2 46 14 42 80 20 11 12 83 95 37 78 78 95 77 81 63 
55 95 6 26 45 8 33 25 23 70 18 63 31 51 41 15 86 12 10 55 34 60 92 40 14 93 66 53 36 11 24 47 51 65 83 4 96 92 38 62 98 79 99 48 24 86 77 88 52 18 98 8 81 9 24 71 72 9 32 32 82 51 46 45 91 89 47 50 93 8 83 7 30 11 21 5 26 81 7 80 48 57 8 55 43 74 59 37 57 17 41 8 20 78 37 58 71 87 68 94 
53 93 53 37 7 90 31 25 10 37 28 77 5 27 61 75 73 76 62 41 66 42 69 68 48 13 24 38 34 21 53 39 6 25 30 70 31 52 45 12 53 61 99 59 19 25 38 37 75 11 97 50 63 22 5 53 74 75 88 87 22 33 63 8 1 76 58 22 62 50 71 88 23 42 79 50 33 7 8 16 57 35 25 37 96 44 32 23 97 20 77 48 92 84 34 28 93 62 52 16 
19 64 50 9 47 83 59 98 12 51 88 62 19 82 1 28 41 75 11 13 40 25 12 37 51 0 1 25 73 4 32 17 27 91 85 96 82 25 17 20 25 72 67 78 63 58 72 9 73 93 97 91 95 81 1 78 36 36 22 67 2 10 91 19 91 8 94 82 11 86 33 48 51 27 29 9 31 89 11 16 73 77 18 30 75 35 13 16 15 34 29 8 53 83 2 25 59 44 28 28 
44 9 98 53 78 35 85 39 11 12 55 13 62 2 81 67 3 39 5 34 41 27 69 7 19 64 24 85 95 82 54 4 10 11 61 23 78 97 30 59 25 9 6 63 72 25 37 76 10 14 68 16 72 75 83 55 98 3 89 47 38 26 2 52 53 41 10 76 59 25 1 94 29 3 59 7 44 67 83 40 50 11 40 61 99 46 87 73 97 13 5 36 97 6 86 64 61 53 47 89 
21 63 20 24 3 59 90 39 73 77 71 77 95 84 3 1 10 42 55 47 43 20 1 18 56 64 92 11 21 75 68 8 28 47 12 42 68 89 26 60 8 15 23 16 24 57 52 4 57 56 92 58 68 59 81 40 38 52 42 83 21 20 10 59 58 49 79 56 13 35 33 63 25 72 57 81 25 40 96 30 39 75 14 40 32 5 17 51 71 11 45 32 58 76 85 20 40 79 92 96 
40 14 62 6 70 45 25 86 64 3 66 10 13 38 85 50 84 75 13 42 82 16 91 29 50 41 28 48 81 71 10 28 59 58 41 29 79 63 34 0 69 55 69 5 66 92 58 92 55 23 91 7 64 43 87 15 76 96 62 36 0 32 53 91 6 47 32 98 21 69 36 86 51 16 32 92 92 19 20 77 20 68 57 50 65 59 54 34 74 86 95 26 81 49 7 94 28 37 72 34 
27 83 48 94 97 2 17 80 73 56 58 1 17 90 96 28 35 3 52 75 80 67 78 50 91 33 14 3 78 10 78 20 16 70 65 70 3 69 55 74 81 36 69 18 52 18 0 98 16 19 49 27 9 68 30 59 44 23 21 93 43 37 36 20 11 45 21 16 43 29 38 5 58 57 38 96 56 34 80 13 56 92 80 34 61 20 97 53 64 78 2 22 33 26 69 7 4 77 41 90 
79 18 35 98 38 0 3 12 61 72 8 79 36 27 60 83 10 41 18 97 37 60 4 40 82 81 28 86 1 9 53 47 95 53 99 35 32 30 31 90 49 41 10 93 41 7 93 31 92 43 27 25 11 35 53 96 96 84 84 71 69 15 24 0 41 47 24 96 92 21 38 96 36 56 27 28 26 71 66 84 16 56 93 44 67 58 26 87 53 28 9 8 10 64 22 47 10 80 32 2 
18 49 70 32 62 27 43 74 31 58 20 69 9 93 19 88 91 75 72 85 51 74 84 14 40 51 23 6 39 72 56 58 45 66 89 65 8 41 66 80 67 58 22 56 57 10 97 6 91 79 36 47 3 54 79 76 92 94 33 17 13 49 70 23 81 97 1 12 82 72 77 84 11 1 27 3 3 30 0 55 76 57 49 11 33 86 23 15 57 71 27 5 1 80 73 48 61 19 86 61 
49 11 91 25 58 10 85 10 33 79 39 14 48 26 68 29 92 23 39 16 33 65 92 5 94 28 8 40 51 48 38 73 13 91 15 4 85 49 41 17 16 23 34 92 65 2 40 39 50 0 75 40 31 93 28 57 76 37 89 69 17 97 74 2 7 29 6 71 40 17 86 38 93 58 79 14 51 96 58 21 7 87 33 21 50 65 11 0 43 57 14 26 54 10 88 31 76 49 71 55 
20 90 85 81 91 3 65 54 60 37 94 34 76 11 61 4 40 8 61 58 57 97 58 91 57 76 0 0 74 27 85 99 40 69 21 27 24 46 77 55 44 35 51 35 86 24 45 63 71 71 15 31 45 52 18 6 75 11 21 20 53 95 83 53 17 92 69 32 64 76 32 33 58 34 39 76 15 76 28 0 24 67 68 7 85 96 87 48 31 29 62 99 61 68 84 94 31 39 90 59 
2 57 26 10 35 35 49 15 16 61 73 49 56 40 72 22 28 3 22 12 25 23 29 11 55 40 30 50 85 64 25 63 32 78 17 26 86 33 10 94 79 12 31 34 93 22 9 78 53 20 23 52 19 47 67 3 18 97 86 69 61 13 61 80 8 66 61 90 75 13 97 81 96 0 28 61 79 76 87 66 64 56 13 96 29 10 33 11 2 42 14 29 63 98 85 31 61 28 81 16 
94 36 39 44 41 41 89 23 17 70 39 50 56 13 51 39 75 71 86 81 14 22 93 38 38 90 56 41 29 39 54 83 46 96 7 35 87 21 88 92 2 63 52 9 39 96 70 69 29 39 94 8 13 32 12 48 79 60 5 99 56 57 12 3 95 55 73 14 52 88 95 43 61 2 84 48 98 72 97 81 13 15 52 62 65 86 37 78 55 88 75 66 57 38 15 52 32 79 71 7 
58 80 43 40 32 35 35 31 97 2 18 46 64 13 38 0 87 34 29 2 18 84 79 42 10 36 65 45 80 71 98 69 23 31 39 56 92 74 85 86 38 46 78 72 66 91 90 73 23 29 13 21 2 64 3 5 9 42 27 21 31 48 88 35 12 75 97 67 85 94 74 18 48 28 36 42 60 20 9 35 31 40 79 56 2 29 56 7 32 83 19 91 36 81 31 26 36 30 64 91 
60 20 99 73 26 20 44 66 67 98 19 52 1 94 18 47 83 50 69 44 83 78 59 11 37 21 70 67 94 22 70 25 12 20 64 59 52 31 16 51 83 87 47 6 32 68 96 42 35 88 63 94 75 36 84 12 97 84 91 26 58 36 84 51 8 44 71 66 92 46 12 9 68 38 81 59 96 69 54 47 17 24 92 77 74 35 96 34 70 99 51 97 86 1 26 99 3 4 77 90 
28 39 5 21 20 81 19 31 15 18 19 17 49 33 93 66 70 60 5 98 92 38 1 16 73 17 78 6 44 72 97 60 24 14 39 38 44 35 57 97 99 68 74 52 20 30 13 23 83 70 50 28 12 55 82 15 5 66 49 71 28 39 75 30 63 66 48 68 27 14 61 0 7 18 98 54 56 10 79 68 73 48 29 6 32 84 21 43 76 33 58 54 91 99 87 83 54 55 65 99 
32 85 0 92 24 5 4 21 30 20 69 56 39 58 4 66 35 87 94 74 57 51 3 47 6 85 7 24 94 67 77 12 43 21 64 30 80 22 12 17 52 60 29 60 66 16 38 54 59 41 20 83 99 43 73 45 23 55 91 96 4 4 93 55 41 94 54 83 57 16 66 64 98 84 42 75 3 90 50 88 14 84 91 93 0 24 36 38 86 52 13 70 7 36 56 37 92 47 78 46 
