84 50 67 67 92 10 80 8 47 28 16 26 77 74 56 15 91 18 87 58 32 21 90 62 85 53 86 66 57 30 96 77 80 73 79 72 58 82 13 14 40 67 75 61 20 70 3 20 5 73 73 96 88 36 53 84 33 35 61 59 82 18 9 15 34 1 46 86 9 78 99 31 12 9 82 72 76 97 67 18 45 57 68 4 48 31 30 53 84 30 11 0 11 18 28 68 82 95 27 61 
36 21 67 31 98 55 27 12 0 59 45 53 42 81 49 68 45 80 82 47 94 35 91 65 54 34 49 90 11 54 2 3 46 29 29 42 22 57 25 78 86 32 76 50 5 71 2 5 88 86 4 97 12 68 88 99 19 95 29 29 90 29 18 47 47 97 78 1 83 32 61 44 58 11 63 32 83 89 58 65 76 91 53 60 69 46 96 44 77 42 42 37 42 27 5 70 52 33 59 96 
3 32 7 94 92 65 55 6 32 73 2 14 85 45 81 45 88 54 2 54 63 70 42 54 88 90 66 87 66 36 14 23 18 42 96 46 72 63 23 39 57 10 50 24 83 59 42 77 59 42 36 13 25 91 77 25 33 91 30 17 87 68 60 74 86 43 18 42 77 82 52 30 47 73 29 75 52 85 70 81 49 75 59 9 78 2 36 26 50 26 29 69 62 94 54 19 73 80 82 0 
15 63 34 46 58 81 58 5 56 84 44 33 16 35 57 49 63 57 58 47 57 65 88 82 44 78 12 39 36 5 8 5 62 87 30 4 23 50 81 11 82 35 56 83 45 47 28 7 95 27 54 34 86 41 81 16 39 71 39 39 83 48 69 6 50 75 41 77 57 42 67 90 11 36 47 6 45 8 3 0 69 99 49 61 71 70 16 70 36 24 89 49 98 32 47 70 92 69 58 56 
19 45 90 38 69 16 54 56 65 84 77 79 37 5 97 13 95 55 4 85 8 71 27 33 71 18 99 81 3 15 4 59 85 82 51 4 6 29 56 62 39 14 3 2 78 68 29 85 36 81 15 11 61 78 51 44 46 66 97 71 46 0 80 79 80 22 14 32 5 39 77 67 80 67 35 92 87 88 71 98 21 78 87 3 26 57 17 74 47 55 50 89 6 40 39 87 9 1 78 40 
98 39 73 80 81 37 91 83 42 34 45 86 13 91 11 8 79 53 9 50 40 5 99 98 43 25 96 44 34 87 5 33 56 76 68 85 55 61 35 64 15 39 27 48 90 57 86 84 49 22 97 2 7 74 59 70 55 37 5 70 44 36 75 82 39 42 14 58 7 37 50 79 74 0 39 78 65 53 13 49 95 19 59 16 43 89 42 36 17 84 6 78 22 10 20 78 59 19 76 52 
73 99 96 84 53 36 21 2 10 50 52 77 34 91 14 22 86 73 11 44 72 92 67 65 22 4 97 55 65 58 68 47 71 80 40 23 91 16 37 79 43 22 21 30 87 44 77 60 99 23 18 14 14 10 55 2 78 83 67 24 69 43 37 70 80 43 47 70 49 41 55 61 98 70 72 29 58 29 99 13 19 74 70 55 92 97 46 83 34 66 51 38 44 94 22 57 37 65 0 62 
84 44 86 54 77 32 67 73 71 39 8 13 85 77 77 99 59 17 74 51 89 41 41 44 27 86 14 97 88 55 35 75 83 56 81 23 20 21 71 99 71 18 22 69 51 44 54 8 42 72 99 34 29 71 12 6 40 7 88 53 14 51 84 59 54 32 2 66 89 43 72 50 46 99 99 84 23 45 11 32 65 78 16 88 55 54 25 1 96 35 85 6 66 30 37 45 46 0 83 13 
96 52 83 5 22 78 11 21 39 6 72 76 31 54 19 75 48 56 51 35 53 44 23 70 27 61 92 37 75 40 0 4 51 48 42 68 22 38 81 62 19 33 66 45 61 25 44 74 99 9 91 83 10 51 31 53 97 91 70 27 5 62 95 42 83 40 83 96 95 23 0 41 59 87 98 44 99 34 14 27 25 95 84 98 37 82 48 60 6 51 58 45 77 92 24 80 46 63 7 19 
53 23 49 1 40 86 1 82 50 57 49 26 47 31 46 95 83 10 58 81 52 51 44 34 16 86 84 58 73 19 67 39 78 2 95 49 25 63 96 3 30 49 7 38 99 73 60 31 8 7 48 97 49 92 7 18 30 25 90 47 16 55 4 2 83 14 75 35 96 24 76 6 10 6 17 38 96 19 69 49 85 86 60 82 71 19 55 13 42 33 79 8 90 10 96 96 0 5 81 74 
0 45 21 84 68 11 34 83 0 46 99 42 68 36 96 4 92 89 93 63 56 90 20 71 42 78 75 17 93 53 59 8 73 47 27 56 33 65 7 82 13 42 54 65 96 5 31 79 93 91 22 84 6 84 64 9 44 85 33 29 96 40 9 86 7 68 61 76 26 79 75 0 52 27 41 52 24 94 74 11 76 19 70 53 50 34 52 24 92 46 83 78 58 80 1 33 83 45 42 5 
6 79 39 69 13 32 92 94 35 61 20 34 78 84 57 30 60 9 89 0 45 77 2 77 12 8 11 40 94 50 74 85 70 85 46 82 71 71 0 75 20 41 81 70 60 76 83 84 50 60 21 3 42 96 24 78 65 24 96 94 62 70 58 7 47 94 77 58 94 49 86 63 47 27 45 80 5 76 30 89 91 1 98 28 37 74 60 51 85 40 36 30 49 30 39 37 60 64 10 17 
6 26 20 18 70 89 55 46 73 58 69 27 60 92 54 39 85 22 39 93 21 39 30 98 21 99 20 7 19 34 80 77 55 64 41 35 5 93 40 64 44 70 76 30 51 86 19 43 74 74 94 20 35 30 74 64 13 68 37 61 23 4 3 43 95 73 69 58 31 88 6 66 59 77 98 26 47 46 3 35 46 29 57 46 62 29 94 43 71 41 34 85 7 57 91 48 1 19 59 62 
61 57 94 95 71 77 22 38 76 36 62 81 24 59 97 65 46 52 59 7 9 15 81 71 44 46 19 59 9 59 76 34 29 35 30 85 32 1 57 40 39 11 39 42 46 28 7 11 42 37 67 33 34 45 76 61 78 93 31 92 13 83 42 98 11 71 80 27 36 79 5 45 71 13 39 23 59 91 86 74 46 86 31 6 7 29 50 74 32 72 82 64 99 19 58 62 83 70 66 8 
94 11 9 45 77 36 68 74 97 81 43 59 93 95 92 13 81 81 89 92 4 85 37 54 57 91 59 24 79 80 11 2 73 62 3 99 18 72 89 82 63 22 74 81 69 80 79 20 7 25 14 10 96 16 89 34 2 26 43 42 25 40 75 70 77 20 75 8 53 10 40 14 39 84 70 71 68 43 78 35 84 24 47 4 80 61 38 60 21 14 31 85 34 11 81 22 6 29 60 26 
37 7 60 84 19 83 33 4 22 39 54 11 63 79 72 6 38 3 40 26 25 92 15 41 53 21 29 79 49 95 36 97 69 51 67 92 40 75 5 46 15 56 16 50 40 82 80 95 17 92 12 37 43 87 57 9 64 19 47 11 94 39 15 67 8 93 60 82 17 34 7 85 4 10 78 29 15 23 82 42 16 75 66 35 9 55 93 63 24 27 17 80 2 48 42 92 51 86 29 89 
70 20 11 76 66 80 74 38 76 99 31 38 8 58 13 47 52 40 0 43 10 31 12 34 21 26 44 19 53 6 91 17 32 69 89 75 48 71 15 80 11 69 91 61 69 68 15 9 54 47 59 87 39 3 42 87 87 14 81 88 10 23 90 45 99 70 25 77 75 53 20 85 81 76 46 25 89 36 3 24 90 67 5 51 13 18 92 43 88 96 63 40 59 29 70 69 55 11 58 57 
96 54 22 61 37 71 41 90 11 87 30 64 20 62 91 88 28 42 92 23 44 30 46 66 73 72 33 81 56 9 86 36 82 54 28 73 78 33 60 67 31 55 85 16 39 82 76 5 26 60 5 99 13 10 65 70 54 28 32 42 92 98 14 96 32 58 0 78 59 94 72 55 85 22 7 91 14 38 73 20 15 1 25 24 77 95 97 18 20 47 18 30 62 61 31 95 45 50 99 69 
75 9 32 72 83 70 87 49 37 66 37 21 75 20 86 99 74 7 75 76 21 72 12 13 34 78 7 23 79 12 19 40 92 19 87 86 24 15 52 38 24 36 97 40 76 12 31 63 13 16 53 60 5 48 73 90 37 72 77 9 39 42 39 3 41 35 40 62 33 93 82 53 90 90 90 58 32 99 83 94 7 38 16 82 8 48 55 86 99 58 93 69 60 86 48 5 36 2 81 26 
28 73 48 15 67 19 53 13 81 19 11 64 59 84 95 24 6 98 41 82 63 7 6 34 55 70 31 57 6 44 56 6 6 69 70 62 64 18 22 12 51 88 56 4 45 20 8 80 56 36 68 61 45 44 13 75 94 51 88 7 1 30 13 77 63 44 51 90 85 82 32 27 12 70 62 96 4 5 98 21 57 68 51 54 50 91 97 45 0 65 37 76 53 2 35 85 13 15 89 86 
92 89 69 87 41 51 48 71 61 78 54 36 88 88 51 12 18 17 99 28 88 77 84 73 70 38 97 44 88 62 67 6 54 52 17 23 97 68 93 54 73 80 71 43 38 14 53 2 2 42 18 96 43 73 31 82 92 66 95 43 2 97 96 10 89 18 17 79 7 26 88 51 47 61 31 92 42 27 81 68 84 43 88 64 7 42 63 79 33 99 26 90 16 75 39 66 2 85 37 15 
8 58 81 93 20 41 19 58 33 76 32 91 84 86 88 94 48 44 44 1 10 27 55 34 53 54 7 14 68 21 84 2 65 78 40 88 58 36 88 64 86 27 85 61 11 5 93 55 2 68 17 95 35 14 16 71 7 99 14 90 23 66 53 19 36 94 98 31 99 49 40 36 96 51 2 17 83 3 4 86 16 55 81 93 91 80 54 27 44 17 14 35 64 10 67 96 91 2 33 88 
33 30 61 33 6 66 98 64 76 44 50 43 85 9 95 93 50 0 1 70 56 8 26 75 62 63 59 93 71 19 79 38 32 90 25 66 55 47 36 21 47 68 86 98 18 48 49 14 59 37 97 86 46 10 20 20 87 9 86 74 81 6 37 10 29 84 98 23 36 72 55 5 62 81 7 17 18 77 74 41 45 99 27 0 11 36 77 2 35 6 96 58 61 58 73 2 28 2 32 40 
72 57 84 40 70 85 9 96 36 24 19 78 64 82 48 66 80 43 78 42 98 86 6 98 70 36 32 72 36 32 68 13 50 82 42 14 96 26 83 68 68 41 85 27 45 3 98 93 99 37 22 78 55 59 55 12 14 31 67 29 33 43 50 45 0 91 51 43 85 39 18 18 38 33 65 95 84 91 86 9 23 16 47 28 48 47 24 49 5 76 3 50 93 8 35 36 43 18 94 72 
36 79 37 49 22 12 97 0 39 98 16 72 80 2 29 35 67 94 95 4 57 14 19 93 45 23 40 22 13 76 82 83 58 30 9 19 72 81 33 55 62 66 53 96 83 45 81 44 52 61 22 91 45 41 58 16 75 25 83 85 8 67 48 95 8 14 44 16 36 80 83 13 57 12 29 21 32 78 9 96 37 52 67 17 10 61 25 33 25 40 20 71 4 98 61 69 51 92 1 33 
44 57 33 3 78 26 89 87 1 31 48 75 52 19 35 99 97 66 35 40 26 61 29 56 23 42 70 73 67 10 34 32 98 54 27 51 61 49 58 43 63 22 90 50 66 98 13 54 31 7 94 3 69 96 24 97 12 27 7 29 80 45 31 67 48 49 50 65 89 66 98 28 51 9 35 40 2 9 24 29 13 0 74 70 65 50 90 56 9 68 90 83 42 25 28 12 74 84 67 60 
50 38 60 23 55 70 99 30 36 4 34 2 93 63 84 18 51 86 73 65 49 36 47 65 66 29 46 10 17 93 59 18 59 88 19 45 87 87 57 54 60 82 45 61 65 5 30 79 71 43 99 26 34 37 74 20 1 99 38 77 4 80 8 49 6 19 92 57 36 27 1 60 94 23 87 1 6 18 82 57 2 1 14 85 3 3 61 19 55 22 32 53 8 57 2 3 1 97 42 44 
98 86 34 43 18 1 54 76 25 59 66 95 86 91 88 29 83 48 68 68 4 76 97 83 55 37 9 73 10 10 48 9 93 97 13 45 55 85 85 96 20 76 4 91 13 33 5 3 4 55 51 59 85 28 56 52 72 74 83 16 17 14 56 14 1 67 96 17 89 5 58 44 78 4 15 40 29 4 70 60 88 58 12 90 51 16 74 41 90 82 54 71 49 27 62 81 69 96 31 55 
98 32 9 42 84 43 83 17 54 54 89 35 83 16 17 89 80 26 16 17 69 23 14 8 73 84 94 75 36 6 16 89 36 16 3 50 46 86 72 88 73 49 88 66 21 7 23 79 64 11 72 3 60 16 9 14 22 20 30 13 52 80 74 64 97 34 11 31 57 39 0 13 12 27 85 56 18 3 61 61 36 24 31 4 55 27 26 74 52 97 42 65 51 22 70 1 28 40 72 91 
77 12 66 86 60 21 98 59 30 10 67 13 3 98 52 75 54 42 83 63 60 36 84 83 35 43 35 88 72 26 46 71 6 25 46 35 11 63 90 89 27 99 42 63 66 48 36 7 61 9 8 64 75 94 10 39 82 73 96 1 31 89 71 85 84 82 30 6 70 35 96 61 37 66 4 24 9 10 98 30 61 76 61 17 76 8 38 3 81 48 55 78 12 11 96 65 27 13 68 13 
2 28 35 96 9 33 47 90 20 38 68 77 88 5 28 13 84 20 50 34 71 10 66 75 5 22 88 89 94 4 95 45 86 48 92 78 63 22 61 14 40 26 38 41 35 78 36 10 12 14 38 66 67 44 21 77 25 22 62 45 4 75 14 76 88 98 36 64 48 38 78 2 2 66 44 22 21 43 53 79 45 49 98 26 43 3 27 7 86 36 81 48 25 62 25 37 56 23 86 2 
55 76 95 9 74 55 25 77 67 73 69 36 2 86 13 9 27 38 81 55 31 35 97 33 61 25 73 97 14 97 62 62 44 5 27 43 94 23 36 75 28 64 36 16 44 38 71 69 22 15 18 78 3 48 45 31 85 35 58 99 41 1 45 20 82 31 90 84 92 95 21 63 61 32 54 36 17 12 91 58 77 99 43 2 36 9 5 5 89 51 2 28 37 67 19 53 76 35 6 87 
9 60 83 66 90 68 1 33 98 90 96 9 55 41 86 68 21 32 77 38 54 16 29 9 87 28 10 87 30 39 40 89 0 91 54 91 42 0 75 89 97 30 19 25 46 64 13 3 36 56 5 73 10 60 95 46 14 70 20 13 10 82 26 90 38 55 67 63 20 25 20 77 77 6 15 29 17 62 32 85 61 84 74 13 26 80 53 68 36 52 50 84 76 87 9 20 70 87 55 69 
41 97 37 86 20 14 74 52 8 89 78 80 15 75 16 26 72 38 96 58 50 42 97 70 52 68 34 19 37 36 30 6 48 3 86 34 15 68 38 68 86 62 35 3 26 62 68 37 16 44 10 42 57 95 88 79 12 20 88 16 17 77 78 27 60 97 94 75 28 62 90 93 56 54 93 85 16 72 32 31 56 48 6 31 59 77 16 57 53 26 97 59 61 33 93 66 57 3 60 3 
85 32 71 97 3 10 11 86 29 81 70 97 93 30 23 96 99 98 31 27 46 87 14 45 82 50 53 93 2 69 98 90 79 12 7 13 12 9 23 17 34 49 38 64 98 80 10 64 47 71 42 4 84 59 63 83 44 3 9 70 89 32 26 25 80 97 39 14 19 93 36 12 64 43 62 95 37 15 8 93 22 13 1 53 96 87 28 52 50 83 37 56 26 59 55 8 43 77 71 6 
57 78 92 25 84 5 41 26 23 41 57 38 27 24 59 91 47 58 61 11 9 59 74 18 82 59 50 17 33 56 55 19 58 24 63 75 2 26 23 74 93 38 43 97 32 13 14 62 77 11 98 20 83 71 84 80 73 48 94 25 67 63 76 85 76 81 49 50 45 79 97 2 50 40 28 12 24 8 38 88 23 8 31 4 8 76 60 90 12 55 96 40 32 28 57 49 0 73 91 26 
68 61 24 31 14 72 68 6 60 50 11 21 28 11 23 76 62 65 58 40 97 35 89 91 96 57 7 50 43 72 21 86 53 98 68 69 99 81 74 92 70 53 25 39 26 11 38 27 19 75 95 61 43 9 46 90 7 16 26 52 76 10 99 74 47 32 13 58 43 85 25 99 5 94 17 62 3 97 76 15 93 68 68 80 10 75 95 84 50 26 59 75 70 41 84 38 43 18 26 41 
92 69 41 68 24 73 95 54 60 14 21 34 83 75 45 64 57 33 14 83 23 68 88 68 73 14 89 51 22 66 76 66 93 0 61 96 27 90 14 95 30 45 39 61 43 51 39 3 43 19 39 58 12 65 50 92 44 49 53 31 48 28 50 53 61 44 17 4 19 64 90 75 1 21 38 27 42 76 77 54 60 85 55 62 97 89 19 68 88 44 19 99 53 45 7 40 52 58 3 8 
62 27 96 33 31 1 35 97 10 47 40 14 11 81 76 47 54 9 2 75 22 54 42 76 22 81 3 97 39 3 93 20 97 99 13 93 53 68 97 66 27 81 95 77 9 0 50 21 3 25 94 85 68 48 68 74 86 84 71 3 30 64 29 99 40 60 93 45 37 70 77 46 33 14 72 94 94 41 3 90 14 13 38 2 31 77 23 75 77 7 88 14 80 5 66 90 80 82 13 93 
96 44 4 65 64 97 56 72 2 35 67 96 71 32 82 9 98 97 96 25 2 84 69 79 3 13 85 0 47 66 64 53 47 54 8 2 94 18 25 94 77 28 91 90 59 70 1 98 17 98 68 5 40 4 25 15 30 71 93 50 97 67 10 1 10 18 75 29 93 71 2 10 31 93 19 29 71 91 46 59 7 47 21 28 86 35 97 4 13 7 66 31 53 41 82 21 11 66 60 77 
34 79 68 50 78 5 6 4 30 45 33 85 26 2 46 23 78 88 58 63 30 22 79 99 29 86 35 53 35 60 72 8 88 21 79 94 3 54 75 68 5 72 31 30 27 60 14 56 23 33 73 79 46 62 42 13 45 82 66 69 3 85 2 51 7 82 67 91 31 9 32 28 54 45 55 34 80 28 57 79 78 37 89 99 25 59 86 40 56 19 55 57 56 58 68 48 43 30 75 99 
47 79 14 7 85 56 36 28 48 86 47 31 97 57 55 46 68 87 43 96 95 68 46 15 35 52 14 30 45 80 56 66 91 82 33 58 84 65 45 8 41 48 14 82 62 1 21 54 5 48 96 73 61 68 59 88 4 49 14 93 92 79 1 81 52 67 58 47 83 57 0 12 68 6 62 0 60 29 16 25 60 19 87 22 32 12 16 65 31 53 76 60 99 71 66 61 42 73 81 56 
44 97 7 20 61 21 64 69 6 82 32 83 37 7 32 58 87 92 42 26 86 20 57 17 60 35 36 70 35 93 73 15 37 57 67 58 27 23 90 50 15 69 49 25 89 97 95 27 0 79 69 73 67 22 94 58 13 77 73 70 68 50 46 84 49 69 73 67 94 21 25 6 65 67 63 85 48 24 74 63 72 50 22 57 12 58 72 46 56 23 6 95 97 81 30 52 93 36 71 56 
82 73 44 24 77 44 55 0 15 18 10 94 66 10 89 51 77 80 57 18 50 79 27 52 68 77 53 72 23 27 19 26 10 18 79 69 0 76 1 95 11 0 95 14 64 80 61 69 81 75 3 71 7 77 61 85 75 66 62 58 14 59 86 89 7 65 87 46 89 89 10 16 14 21 47 93 75 73 77 79 34 40 6 78 24 70 14 65 82 51 58 32 95 81 63 76 5 52 14 31 
51 89 17 32 9 38 32 37 30 16 2 19 85 60 57 43 87 86 64 97 19 5 32 54 30 44 69 46 60 94 32 56 24 36 69 88 84 17 96 38 6 93 15 87 43 81 90 35 88 24 48 70 74 14 23 45 31 19 10 50 36 74 69 14 45 53 48 78 29 56 99 37 81 87 95 79 97 52 41 92 47 13 46 66 62 11 49 25 6 74 90 69 51 66 91 85 12 14 61 92 
59 74 55 25 15 68 82 10 32 3 62 56 47 64 47 2 54 51 89 36 80 34 4 71 28 69 6 62 47 16 92 98 77 22 6 67 80 64 6 20 63 41 35 69 73 82 24 78 42 56 48 1 15 55 79 37 62 90 34 46 37 97 4 4 96 80 6 18 60 29 64 74 16 47 37 24 26 96 18 93 90 42 76 38 63 57 76 18 61 83 50 8 98 65 50 71 53 36 50 22 
1 95 82 91 21 23 61 27 13 93 10 25 64 6 62 40 83 64 94 33 84 78 4 69 85 55 45 58 93 23 33 71 12 35 82 8 7 6 73 20 12 95 72 19 6 25 54 60 88 20 56 61 22 4 92 74 65 37 83 21 2 39 37 17 72 77 57 96 50 21 8 2 64 84 37 64 53 98 91 55 50 86 5 46 52 24 36 67 1 19 46 7 45 27 9 1 36 36 31 2 
91 72 3 83 62 89 76 56 7 44 54 19 60 37 77 51 91 11 88 83 77 50 21 94 64 44 92 46 21 0 30 18 38 95 83 26 98 14 7 57 19 20 13 34 84 32 96 65 19 27 15 84 90 38 98 43 6 2 49 84 41 11 66 24 66 33 40 58 93 90 84 65 99 91 41 17 10 67 99 12 18 37 66 46 52 69 97 73 73 33 79 39 28 33 47 34 24 84 43 16 
35 77 96 80 18 66 22 2 32 84 27 44 4 2 99 57 42 53 9 71 49 68 12 35 51 52 39 7 6 76 70 19 11 13 39 25 83 9 30 62 80 69 79 2 86 5 32 84 99 35 91 26 81 19 53 79 56 41 35 83 66 56 97 5 65 79 0 67 60 98 46 17 91 45 19 45 85 59 91 9 58 12 77 18 21 50 42 12 83 34 35 37 26 54 51 12 26 3 13 21 
68 12 10 93 3 79 67 32 69 56 44 8 87 83 16 26 53 70 25 12 57 84 6 88 81 30 25 15 69 59 53 58 35 45 0 1 11 81 79 74 25 88 28 84 85 96 77 12 43 4 16 16 2 86 38 48 41 94 62 49 68 32 52 13 91 23 75 10 87 97 68 72 62 98 87 90 42 42 51 64 17 73 77 38 79 7 63 62 87 86 64 97 77 7 74 28 62 22 27 13 
81 66 99 66 97 1 38 14 38 46 35 56 20 27 11 82 68 91 64 37 86 7 33 64 48 62 67 19 45 40 15 19 34 50 36 61 55 37 84 68 69 76 75 73 94 90 4 96 77 54 16 11 14 22 23 6 63 38 74 59 38 47 34 84 55 80 69 86 28 33 96 75 11 56 77 25 87 36 39 15 82 7 51 62 95 73 34 67 30 81 28 12 48 1 46 80 50 49 86 58 
43 30 42 85 48 6 13 97 86 83 94 89 71 93 33 93 45 54 57 83 25 14 23 83 39 93 97 60 13 68 50 82 31 37 36 24 97 91 2 96 67 30 51 8 59 94 37 93 20 76 50 36 97 95 41 61 58 24 9 24 31 58 53 29 1 38 97 7 96 60 36 80 30 34 59 92 84 16 62 36 31 13 43 83 45 72 16 13 34 65 7 58 12 84 30 99 14 41 8 60 
87 45 42 19 48 90 41 0 88 23 68 10 34 1 15 38 74 66 49 14 71 30 65 87 36 54 84 96 90 72 11 73 3 3 42 65 57 42 70 95 41 10 27 73 56 58 5 54 94 47 35 90 65 19 29 91 37 12 89 37 81 33 27 66 65 3 58 14 24 94 90 40 36 89 78 14 85 31 80 22 99 77 95 46 83 29 42 13 59 15 86 80 43 18 88 55 43 53 91 1 
64 25 7 0 79 17 15 59 2 39 30 64 53 60 23 4 49 79 44 21 97 80 28 75 84 69 35 92 79 1 47 69 37 7 53 56 7 40 55 31 48 22 28 38 34 52 10 34 85 58 98 66 29 4 1 4 82 81 80 10 94 76 8 40 85 83 87 88 91 22 15 73 61 92 13 81 89 40 84 75 15 23 83 25 61 6 43 12 43 31 12 41 42 16 90 49 24 77 30 73 
85 20 79 88 65 56 9 89 23 92 94 11 88 11 54 91 83 49 41 81 81 20 54 64 67 47 76 75 44 92 66 50 29 43 1 88 37 79 98 69 82 11 3 61 36 16 51 22 51 15 54 68 88 25 84 66 96 73 52 57 17 61 84 54 6 38 74 33 82 81 23 16 20 41 56 99 29 50 18 65 58 86 39 34 54 55 27 61 25 42 64 59 10 55 30 65 63 56 4 2 
13 22 31 52 21 79 62 14 67 18 27 75 0 64 46 62 56 61 36 81 32 87 98 61 80 39 22 93 45 88 6 22 74 48 48 70 8 62 11 90 20 75 15 88 17 87 99 94 91 91 14 71 45 77 87 10 86 0 61 77 2 0 80 86 23 43 91 0 18 93 6 62 33 64 72 84 93 76 60 88 1 23 5 58 70 0 60 96 98 40 2 41 75 89 97 2 15 96 80 45 
20 91 63 51 83 11 10 73 24 55 60 97 77 43 38 93 75 34 78 92 34 0 96 7 96 72 97 47 80 60 19 39 23 2 44 99 31 83 37 40 78 25 20 47 75 21 16 6 3 50 72 70 97 25 7 71 34 0 32 86 37 16 78 62 33 15 10 97 59 7 57 45 67 27 20 70 41 22 14 18 73 81 3 6 84 76 21 35 64 55 48 98 8 52 50 68 80 21 34 49 
81 24 7 14 77 69 68 41 3 33 93 79 21 77 45 38 21 73 9 16 8 98 7 60 93 28 64 8 21 94 74 2 8 58 46 20 40 97 74 63 89 59 97 30 40 57 30 94 8 41 57 68 56 48 94 58 65 31 68 53 82 97 27 70 39 99 82 39 35 93 19 87 56 62 52 43 54 76 8 86 60 89 21 25 71 16 74 87 86 43 88 68 28 8 99 45 65 39 12 18 
93 73 30 56 15 45 21 66 92 99 59 55 46 19 44 27 68 3 70 88 16 32 28 1 38 83 9 40 83 79 69 4 97 36 89 16 84 22 40 24 21 95 21 49 1 30 96 62 69 3 42 14 50 51 29 83 18 32 25 64 23 82 71 2 27 60 47 21 11 98 95 24 9 58 31 49 54 62 43 27 16 71 79 28 6 6 79 23 33 24 44 2 21 72 24 94 18 24 19 14 
35 46 19 26 53 4 23 95 1 10 41 73 28 58 60 69 85 39 68 10 3 89 41 85 36 96 66 91 58 62 79 38 30 21 29 81 81 91 59 47 20 33 36 50 1 43 97 59 94 80 80 85 48 96 87 38 41 59 87 44 52 39 74 20 36 79 1 58 68 76 33 22 64 81 56 27 44 70 51 6 31 73 64 30 22 85 33 60 1 91 89 81 57 4 17 64 99 39 7 32 
9 23 45 17 66 0 27 57 90 30 7 69 79 89 82 44 8 1 3 16 96 62 63 99 40 42 32 51 18 14 0 58 58 37 15 35 43 14 79 56 59 59 66 77 32 5 94 76 31 78 78 70 73 13 86 87 59 89 47 95 77 94 71 74 31 38 16 11 33 40 88 52 9 6 88 96 86 18 59 32 63 28 33 57 90 46 16 31 41 48 47 62 21 29 23 42 56 0 7 9 
20 94 27 42 73 9 52 87 41 44 32 72 85 34 1 55 37 86 45 49 7 25 96 21 48 58 2 9 26 53 89 40 27 46 92 12 25 42 72 58 72 49 14 47 14 89 59 33 74 95 96 28 69 0 75 32 45 49 47 8 47 81 11 21 3 88 85 37 58 75 81 55 8 13 16 0 22 7 7 99 59 98 92 9 12 49 73 75 13 69 59 21 39 67 96 86 25 13 1 28 
65 24 41 67 52 78 30 15 96 77 38 17 98 42 93 51 51 46 22 69 59 86 52 51 76 22 97 78 50 27 69 52 41 80 52 13 68 21 38 27 4 74 74 75 88 46 10 2 31 71 26 8 67 1 29 95 99 89 6 33 93 11 5 89 94 23 45 29 80 6 42 19 81 61 44 36 46 60 25 75 55 44 66 48 53 65 16 32 98 18 59 20 57 22 16 86 21 81 26 91 
72 79 94 40 82 2 62 68 0 58 20 7 9 69 7 76 8 90 44 67 52 25 48 40 46 9 11 62 94 78 84 55 78 12 42 29 94 86 82 26 21 16 64 58 2 49 44 60 15 59 49 34 61 13 16 85 13 81 30 72 71 37 82 23 3 74 45 53 78 54 5 29 2 37 86 95 7 19 59 81 28 34 44 27 82 68 28 76 93 7 8 32 29 13 15 63 51 58 71 1 
57 57 73 25 52 21 9 77 99 66 35 79 42 56 99 93 9 89 38 81 61 34 62 9 32 66 41 78 79 41 9 34 22 18 5 52 43 9 31 15 77 21 35 46 71 36 17 70 86 38 41 99 85 25 98 61 9 65 44 5 72 68 83 24 82 67 18 38 67 4 13 88 96 26 90 29 43 22 68 42 88 46 38 98 58 91 48 6 45 48 86 69 94 21 86 99 4 79 75 98 
7 89 23 83 14 11 83 3 91 61 21 17 90 23 18 51 4 31 16 76 29 65 55 31 57 28 54 28 93 88 45 35 21 34 70 72 61 88 75 12 48 94 76 51 54 64 39 57 59 51 43 66 5 0 77 8 41 8 78 35 75 40 16 68 56 76 19 25 6 69 89 32 94 47 12 29 31 65 42 93 28 98 31 9 2 96 95 96 53 93 32 27 77 74 47 27 21 80 47 48 
31 48 2 7 52 78 42 81 38 39 81 74 60 72 78 63 17 6 79 89 74 96 67 92 96 90 39 62 75 11 99 0 29 77 3 75 39 84 5 60 51 39 13 56 73 21 46 0 1 33 99 35 58 20 64 80 98 53 43 54 17 84 44 46 36 72 73 53 22 44 54 25 57 0 92 76 7 12 98 39 19 16 42 42 57 25 17 99 81 42 11 45 54 94 82 84 2 39 83 34 
77 55 38 93 89 52 39 22 4 57 87 39 46 55 16 80 97 84 46 99 8 19 97 7 1 41 94 39 6 52 88 69 52 23 19 98 69 45 62 55 2 6 61 25 76 97 22 95 94 58 6 52 50 72 8 55 0 47 27 86 16 53 53 3 99 37 46 73 29 47 90 78 47 68 93 2 5 60 95 56 40 92 31 86 11 74 17 46 44 27 47 73 68 32 5 55 55 74 52 12 
50 92 22 68 27 10 36 7 33 48 95 33 87 16 10 52 39 83 2 87 22 94 3 46 82 40 4 64 6 26 76 73 51 61 50 46 20 41 60 14 67 29 28 56 50 30 29 79 42 50 56 57 0 33 66 94 60 12 41 9 65 99 46 75 87 85 8 1 66 96 44 4 1 43 94 93 81 4 7 45 69 79 59 15 15 11 50 29 23 18 98 62 15 32 38 23 53 86 32 80 
42 36 49 60 81 50 21 13 30 47 50 82 12 71 93 51 47 0 10 88 94 91 51 35 39 95 61 60 95 68 99 29 64 88 34 84 8 70 57 18 42 85 44 81 54 9 29 66 51 31 51 1 54 17 78 60 1 18 69 7 7 32 26 93 45 25 71 97 42 31 50 35 75 35 17 67 5 3 45 91 33 94 68 73 53 1 54 52 23 97 59 74 68 3 64 73 84 73 67 49 
91 32 1 28 42 53 17 88 23 51 23 74 30 47 0 64 16 80 92 91 23 55 66 63 51 87 66 33 62 10 68 40 64 67 52 69 82 5 99 81 16 96 98 83 1 0 7 10 30 81 25 63 53 68 51 79 74 41 65 32 58 26 79 94 4 0 56 80 11 75 39 39 77 66 0 26 83 7 83 14 49 67 73 66 66 13 40 34 95 20 36 95 23 71 91 88 91 45 37 31 
65 62 40 12 35 40 3 87 34 17 19 16 57 54 70 24 56 38 0 12 19 73 86 59 42 70 16 14 13 72 24 74 43 81 13 35 85 98 90 94 76 15 84 70 58 45 74 21 29 97 39 20 50 18 36 94 59 78 28 8 26 58 31 51 1 66 13 78 52 10 95 46 51 46 46 50 51 71 58 12 46 84 49 84 17 84 72 71 19 50 74 1 87 94 55 37 29 85 38 54 
83 82 92 68 89 63 58 98 77 14 35 46 2 77 39 70 96 86 30 46 37 99 71 71 69 17 14 2 82 86 29 64 66 45 29 95 62 21 69 58 67 59 15 65 51 9 59 54 64 1 11 97 89 28 79 63 23 20 48 84 9 54 94 61 1 97 75 37 88 71 34 59 27 53 56 2 18 69 31 13 60 57 55 17 11 62 93 39 47 32 58 17 22 34 91 23 26 72 18 48 
69 82 95 13 81 75 18 74 86 11 34 94 76 63 78 81 17 80 8 19 53 69 51 27 78 46 7 61 10 47 43 33 67 11 13 30 30 86 81 0 91 21 78 13 55 54 72 39 99 85 73 50 10 98 99 14 41 48 94 70 80 3 74 48 9 86 6 88 11 35 44 23 88 71 36 31 80 24 5 37 53 1 21 55 2 40 82 82 76 45 11 42 67 1 4 84 69 98 14 13 
12 53 83 26 54 26 97 18 76 40 44 11 1 42 48 96 85 49 55 72 41 13 7 19 23 70 87 33 72 70 0 0 58 96 98 57 26 27 67 80 63 59 15 27 94 3 57 94 67 19 12 59 63 22 24 19 97 59 32 77 61 28 21 25 64 56 74 67 89 87 18 67 23 19 58 77 73 67 8 74 15 69 72 72 11 45 25 0 28 1 36 24 83 9 63 11 6 62 76 15 
77 74 84 48 77 14 37 95 29 53 5 20 59 18 31 22 3 35 81 92 83 36 54 70 8 5 50 48 1 29 68 12 39 74 94 29 34 79 16 29 93 56 85 67 87 34 35 32 13 32 75 79 26 67 8 79 46 88 26 56 40 0 10 57 27 85 19 18 83 23 9 79 67 6 20 70 65 87 86 28 18 12 0 43 70 8 45 4 34 72 5 56 34 24 90 10 37 65 74 28 
69 46 61 14 49 32 26 51 33 8 71 5 10 26 5 97 96 56 47 0 77 38 55 10 68 19 14 88 22 6 1 17 31 27 35 4 20 78 87 35 77 42 8 40 21 34 27 38 5 75 63 17 21 79 36 48 76 16 74 32 21 65 49 5 97 67 39 88 10 80 55 61 44 96 10 63 63 68 29 46 24 27 16 69 43 13 28 52 32 86 35 83 80 91 34 31 3 55 43 4 
30 20 65 30 96 57 5 19 47 12 65 66 9 50 59 66 0 21 34 26 68 73 78 9 37 71 97 79 8 98 95 82 84 26 54 86 69 2 62 54 24 45 20 42 81 13 39 45 34 96 63 62 74 38 59 54 0 29 5 16 62 83 34 25 91 43 32 29 14 48 94 30 9 67 10 76 44 31 25 47 21 25 72 76 27 93 50 38 80 59 18 8 33 39 47 56 97 27 74 71 
30 20 69 94 62 23 74 50 72 48 5 34 51 88 21 9 32 24 18 67 68 63 64 91 64 96 87 89 0 28 17 86 69 8 65 43 46 27 55 62 60 12 15 19 75 64 34 21 18 80 28 29 15 83 96 93 95 27 57 22 90 89 16 9 27 29 9 96 53 44 49 66 97 33 25 20 66 79 66 73 18 41 47 42 40 63 69 64 74 15 39 50 23 89 73 48 23 25 0 5 
97 88 77 76 96 2 49 25 35 56 48 91 98 55 65 22 74 30 15 54 12 27 67 63 85 56 22 31 37 52 68 57 76 40 66 74 90 79 51 95 40 10 76 23 11 82 65 65 14 24 19 66 62 94 92 3 23 24 75 90 69 45 58 63 67 10 89 36 91 36 37 88 7 17 39 25 71 28 75 58 22 45 58 42 44 19 51 9 95 7 61 12 70 10 99 28 48 11 26 55 
50 8 92 46 53 94 38 68 47 72 29 62 99 32 40 9 28 65 70 12 10 17 74 55 42 41 1 95 48 87 16 45 72 51 82 1 55 26 88 23 41 32 96 70 48 99 15 97 88 50 7 43 9 30 74 29 66 39 43 19 32 92 53 75 85 43 99 84 62 77 83 82 99 46 81 54 49 84 93 56 82 18 91 64 16 74 40 50 0 81 11 74 45 8 20 37 50 69 75 16 
82 87 88 27 41 4 3 62 41 5 29 49 99 29 70 35 6 78 30 95 4 62 79 17 7 20 85 35 63 78 79 36 4 37 92 68 93 40 52 15 98 17 59 2 40 55 73 39 76 78 7 8 30 99 81 45 48 3 8 49 82 50 83 22 62 32 63 22 97 63 79 55 90 86 94 96 29 51 32 12 17 53 78 33 1 78 5 42 37 9 23 93 21 12 64 6 61 30 4 71 
77 62 19 66 28 89 23 64 10 48 74 65 91 95 6 12 81 6 26 8 60 30 30 75 20 55 62 26 37 64 19 99 32 88 3 73 85 82 50 66 37 87 64 99 11 71 48 86 69 42 74 87 28 88 70 72 50 91 82 77 40 27 44 18 56 38 62 76 80 13 95 60 41 32 24 41 26 54 4 7 12 60 46 25 46 68 94 31 32 46 59 73 33 58 14 43 38 56 5 62 
97 91 28 90 23 85 55 20 99 94 15 57 26 46 31 89 59 34 73 9 53 44 6 50 39 39 60 92 21 44 37 14 36 13 6 8 50 85 27 19 3 6 63 27 47 64 99 73 88 88 53 13 85 4 83 44 72 0 46 44 84 7 11 85 76 76 28 22 36 30 37 78 98 54 6 51 77 60 87 30 82 88 25 51 84 88 95 2 94 12 70 90 14 82 26 10 9 39 29 61 
65 69 70 67 23 85 81 38 7 65 24 18 30 98 19 82 21 36 74 9 58 56 26 48 23 15 86 63 53 47 13 95 59 47 72 77 2 73 21 36 80 49 3 45 26 65 66 56 95 62 38 29 30 29 51 0 16 36 0 48 9 29 77 4 93 27 6 47 21 77 18 27 33 10 47 63 3 90 55 63 53 42 82 12 81 77 36 10 21 98 64 38 57 54 23 44 41 84 21 85 
98 78 58 81 3 42 89 0 60 16 37 74 61 37 63 11 95 47 64 29 20 48 77 44 53 83 45 63 74 45 99 86 6 58 84 81 93 50 22 82 15 9 72 50 91 96 37 97 28 14 54 12 58 85 20 9 69 92 78 65 50 98 42 73 89 8 62 86 51 31 36 50 98 31 39 63 64 43 66 88 15 79 12 53 43 32 35 47 73 48 11 31 84 33 79 36 45 64 14 44 
4 88 67 14 28 63 13 83 37 85 55 51 65 22 54 27 37 79 26 60 62 92 17 19 99 25 30 23 48 18 44 14 68 81 29 43 93 60 50 45 0 12 98 65 98 14 5 89 52 1 50 77 38 74 12 7 67 18 16 3 6 40 15 44 15 56 77 73 80 1 58 68 20 59 91 79 9 40 38 42 81 86 35 57 32 74 5 9 15 51 41 34 82 29 78 32 87 5 75 46 
5 78 53 34 60 31 6 6 62 95 89 77 79 46 45 51 86 37 13 80 14 97 22 81 23 18 70 28 49 10 41 56 43 76 2 64 82 48 5 38 6 42 43 59 52 70 48 74 74 16 1 40 17 9 47 36 43 58 82 17 74 67 23 16 79 49 3 72 60 49 7 50 13 4 92 69 55 15 91 67 60 5 98 46 33 66 47 25 62 85 96 42 42 92 33 78 95 75 41 82 
30 76 38 48 58 42 91 16 53 93 69 94 69 47 90 14 61 60 58 73 55 7 12 17 95 33 40 51 93 68 35 67 75 7 51 36 14 37 48 96 49 34 15 61 37 33 60 92 75 17 21 15 18 8 63 0 21 1 62 8 31 61 5 42 69 12 38 4 27 55 98 85 26 86 13 95 86 17 6 51 39 0 29 72 83 65 36 89 49 19 66 17 7 13 8 40 92 4 31 58 
24 34 80 87 86 19 86 14 73 32 73 22 56 28 47 21 7 75 66 65 16 33 60 35 33 46 64 86 91 98 28 45 12 24 8 12 4 14 10 84 82 19 56 24 76 85 78 30 22 31 64 14 80 20 90 48 32 90 48 26 65 56 79 53 96 58 42 98 61 75 22 63 95 83 56 67 32 73 24 7 64 51 94 18 90 83 48 52 65 3 59 6 50 62 28 95 71 51 48 78 
98 33 48 27 42 76 60 94 81 7 80 26 73 63 84 88 79 5 13 53 49 94 96 95 60 33 69 13 47 50 11 60 93 6 60 79 76 15 13 6 6 80 39 18 86 86 85 62 7 29 49 97 89 61 36 59 69 76 44 9 6 87 71 1 75 19 76 13 97 97 15 65 69 82 17 88 10 26 12 12 52 2 61 61 87 39 99 53 13 1 75 66 69 82 56 78 93 6 78 77 
20 10 49 17 88 41 59 55 11 73 35 50 32 48 52 11 8 68 72 27 3 31 24 13 21 25 76 33 12 73 47 84 79 71 6 87 64 44 44 69 84 5 10 52 8 10 53 11 27 10 69 18 17 68 82 29 7 34 14 84 11 58 28 77 65 41 74 60 75 69 15 79 36 76 23 65 88 65 95 78 49 21 90 93 56 26 87 68 93 99 9 71 25 80 1 48 20 45 7 51 
45 31 93 8 38 78 97 57 69 27 14 4 91 97 43 92 91 1 6 50 3 5 19 72 33 63 68 35 45 49 6 22 99 5 31 76 94 11 94 50 66 97 28 5 50 51 70 41 71 8 28 7 12 17 3 25 20 39 53 19 15 57 82 87 44 8 84 28 8 1 44 39 1 0 12 87 3 56 96 19 80 48 58 49 96 60 61 86 69 93 92 20 51 22 71 41 88 60 66 20 
74 64 44 90 77 24 66 93 79 33 37 33 35 10 9 34 73 66 5 94 49 1 15 49 41 17 73 61 91 8 96 60 15 97 84 56 28 71 27 69 40 88 92 39 61 99 45 4 69 93 13 21 78 70 84 6 32 74 28 48 76 37 14 77 51 42 81 10 9 55 2 95 15 14 60 50 36 48 35 48 76 85 71 15 96 27 49 26 24 32 90 62 40 94 97 16 58 58 20 20 
23 81 54 57 20 54 31 46 3 56 0 45 87 98 15 93 34 47 1 70 6 92 81 36 66 90 72 88 56 75 7 6 16 21 81 44 96 73 88 56 33 2 64 16 83 20 31 58 74 13 12 23 48 59 78 61 83 52 1 78 88 16 34 36 84 87 26 96 90 50 53 58 15 69 60 97 7 18 56 37 70 29 9 22 51 10 1 43 11 17 56 80 25 61 38 12 82 38 5 88 
16 9 58 16 60 40 47 32 63 99 75 98 32 27 64 87 26 44 35 42 57 10 74 61 40 50 85 16 58 86 13 82 31 57 71 40 27 12 79 12 0 59 11 36 54 49 71 31 47 77 52 10 93 1 64 71 63 11 59 32 92 82 94 70 56 96 4 20 93 11 63 38 99 35 22 64 74 75 30 21 34 17 30 55 1 11 76 66 23 41 20 73 11 85 88 86 6 50 26 46 
6 99 88 98 3 10 97 22 57 24 68 36 33 6 62 6 82 92 53 65 97 16 59 8 6 67 55 41 44 82 89 76 9 84 25 31 54 85 34 69 59 21 50 41 61 40 44 10 36 37 41 90 65 54 44 98 76 96 31 75 25 73 13 85 49 27 94 64 19 75 84 79 11 12 32 10 59 53 47 51 94 31 11 46 13 45 0 64 49 67 19 16 7 87 25 87 62 25 76 93 
31 3 7 49 33 80 92 9 0 26 74 84 48 5 88 90 61 60 9 28 18 59 51 93 75 34 76 27 52 62 53 40 30 50 46 22 2 92 57 22 98 54 25 17 75 15 28 80 54 17 26 46 2 0 21 65 58 33 68 4 73 65 74 74 56 90 19 31 88 54 71 26 61 17 61 38 34 28 84 57 2 44 40 82 23 67 70 65 78 66 95 74 66 86 47 30 69 67 66 52 
3 15 27 61 77 0 69 76 67 76 82 3 52 71 64 99 71 44 32 48 43 64 2 79 18 53 44 32 7 51 73 28 9 24 90 26 95 57 33 29 71 4 76 82 7 83 1 90 96 70 52 24 59 91 86 25 31 76 93 50 86 73 58 77 43 59 21 22 29 70 46 68 10 74 46 1 93 83 36 66 11 91 36 64 49 88 65 87 10 54 85 5 73 20 39 59 75 6 0 74 
59 73 24 5 22 79 36 69 11 39 13 83 93 4 24 44 71 12 78 64 74 61 80 11 15 25 68 42 27 3 66 21 35 25 60 84 87 17 91 98 46 24 18 23 0 19 0 28 41 60 34 69 17 7 31 12 46 97 95 31 20 99 3 42 47 1 10 89 85 69 9 54 91 36 28 77 19 28 93 23 55 96 58 66 99 80 75 4 82 48 88 76 29 42 72 10 83 23 86 80 
